4 166 165 45 189
2 63 127
4 127 42 26 142
5 29 142 42 170 26
4 58 190 147 192
5 8 167 73 78 179
2 189 41
3 147 159 139
2 146 159
2 144 114
2 38 125
2 147 159
2 86 183
2 148 184
3 183 73 167
3 30 29 72
2 110 123
2 156 140
3 105 117 198
4 190 78 27 72
3 61 136 112
2 85 140
4 162 95 34 62
2 20 27
2 64 194
3 3 13 95
6 159 98 45 189 165 156
2 192 104
3 98 47 159
2 190 27
3 183 146 159
2 1 29
2 147 159
2 107 80
3 144 129 159
5 100 159 98 45 183
5 21 156 33 183 168
2 78 8
2 191 78
3 52 57 155
2 23 124
6 165 155 65 45 189 160
2 175 90
4 130 166 189 78
2 155 173
4 176 142 154 70
2 78 12
2 98 159
6 57 40 52 163 116 122
3 73 167 125
2 167 179
3 189 91 84
2 31 97
3 23 183 78
2 169 183
3 32 168 120
3 149 94 136
2 125 179
3 45 165 130
2 124 183
2 147 30
3 183 17 167
2 78 124
4 50 136 112 38
10 12 142 70 63 179 156 29 170 127 1
7 29 170 1 127 142 42 70
2 149 183
5 70 29 1 42 26
4 3 13 183 66
4 142 29 170 14
2 142 154
2 98 28
2 159 144
2 114 1
2 86 167
2 183 76
3 70 32 156
3 142 42 177
3 124 1 183
2 142 7
2 64 167
6 85 178 111 146 123 159
3 104 65 28
3 78 183 191
2 95 189
2 12 97
3 78 173 35
4 159 100 139 147
5 170 29 142 124 1
2 20 75
3 8 180 78
2 157 76
3 33 64 31
2 135 159
2 180 8
3 42 159 189
2 199 179
2 159 146
3 165 189 32
2 159 100
3 42 70 127
3 61 125 31
5 155 189 45 165 166
3 183 13 3
2 164 9
2 2 28
2 194 89
2 38 179
2 120 168
2 183 29
6 156 155 189 45 21 116
2 189 178
2 190 30
2 88 36
2 100 159
5 132 174 183 142 99
2 191 78
2 183 76
2 76 167
2 73 125
4 2 104 28 65
6 164 35 193 66 124 13
3 15 98 159
3 189 32 165
3 198 105 147
2 99 56
2 77 63
2 183 87
3 176 29 154
4 4 178 123 110
2 40 57
4 189 104 2 28
2 177 42
3 29 183 127
2 95 139
4 142 70 42 29
2 78 180
3 183 78 8
2 173 35
2 171 80
3 72 20 27
2 189 62
2 173 35
3 146 194 64
2 85 189
2 159 12
3 35 78 191
2 35 173
5 125 61 156 161 95
2 77 63
3 148 156 116
5 42 182 183 14 99
2 52 139
3 165 153 189
2 183 13
3 45 98 189
3 179 87 31
6 170 197 42 142 143 70
2 52 85
2 8 78
2 33 95
4 107 182 99 80
2 78 8
4 95 29 42 34
2 10 116
5 6 29 105 79 102
5 183 57 164 134 103
3 146 159 100
2 1 119
7 139 133 195 190 147 159 155
2 127 29
3 164 35 134
4 89 95 166 130
4 142 36 88 200
4 45 189 158 91
3 155 183 50
2 146 147
2 1 142
3 183 142 13
2 149 183
4 174 86 142 167
4 124 79 29 105
2 13 124
2 29 183
3 142 1 174
2 95 189
2 192 21
4 132 99 148 164
3 173 35 126
2 139 85
2 150 4
2 142 183
3 24 190 155
3 76 179 87
6 154 176 76 42 36 183
3 155 76 50
2 135 98
2 85 140
2 125 31
4 45 32 189 166
5 189 156 109 32 144
2 191 78
3 105 36 88
2 159 68
6 12 47 190 27 72 30
2 183 7
2 108 183
4 147 159 68 100
2 144 129
2 112 55
3 78 167 73
2 100 98
6 127 29 142 170 174 70
2 15 98
2 57 85
2 164 143
5 139 135 146 100 159
2 159 98
5 165 84 91 153 189
3 85 100 159
3 28 115 104
2 139 195
3 189 165 166
2 144 129
3 179 31 78
8 105 162 170 25 29 89 142 1
3 117 193 183
3 27 190 153
2 1 29
3 183 197 29
6 127 3 13 42 142 70
6 191 29 8 148 170 78
5 160 165 45 189 32
2 174 142
6 72 12 127 70 183 42
2 125 78
2 98 159
2 90 78
4 180 8 76 78
5 165 166 32 45 189
2 112 24
3 189 166 130
5 189 94 12 72 190
2 35 124
4 6 79 102 36
2 117 1
4 29 142 174 149
4 13 24 66 3
2 178 123
2 73 167
3 95 189 58
4 88 107 142 80
5 183 127 35 78 29
3 105 96 114
2 83 85
2 10 34
3 6 142 154
3 61 87 179
3 3 183 13
2 105 114
4 29 127 80 42
2 151 153
3 134 164 183
3 179 8 78
3 183 189 99
2 162 183
6 57 31 21 40 83 156
2 78 191
2 63 44
2 188 22
8 189 190 158 133 45 156 165 32
4 155 105 114 107
2 13 66
5 80 107 182 99 82
3 78 180 8
2 156 45
2 166 130
4 152 153 158 30
3 153 157 131
2 155 147
2 147 12
3 189 155 156
2 78 179
2 189 192
4 195 147 159 139
2 183 76
2 105 6
3 162 76 183
2 139 159
2 114 129
2 161 125
3 183 79 6
2 9 199
4 139 78 30 152
2 107 142
2 190 157
2 86 61
3 105 9 144
2 190 153
2 15 98
7 199 117 1 12 176 142 154
2 30 78
2 61 183
2 33 139
2 73 167
2 143 183
2 144 114
4 83 33 185 110
2 83 116
6 29 70 143 142 183 42
2 108 183
2 3 13
2 30 78
2 78 8
2 189 12
7 194 89 156 52 64 151 172
5 179 167 31 50 97
2 150 178
2 29 1
2 159 183
2 114 173
3 178 4 113
2 77 63
2 33 103
2 190 32
2 125 31
2 125 38
2 114 54
3 26 70 14
2 191 78
3 64 194 89
3 100 159 183
3 97 132 99
2 76 78
2 142 78
3 139 159 98
5 179 38 167 61 87
2 150 4
3 35 173 183
2 189 116
3 44 77 63
2 173 124
2 77 183
2 61 38
2 156 41
2 190 140
3 189 32 156
2 75 154
2 78 148
2 144 20
2 161 51
2 105 183
2 28 51
2 24 115
3 127 154 176
5 125 65 51 28 2
3 144 147 190
2 183 65
7 42 94 142 12 29 70 72
2 124 23
2 170 142
2 78 90
2 4 74
2 105 54
3 82 99 80
2 129 144
2 4 74
2 151 194
13 159 110 32 45 155 113 120 156 111 135 15 189 150
3 29 183 13
2 183 10
2 140 60
2 124 183
2 28 183
3 139 147 95
3 166 45 189
2 73 183
2 10 65
3 148 141 170
4 159 139 135 100
4 147 159 47 94
3 178 192 150
2 29 76
6 139 68 195 135 159 98
7 142 94 127 29 70 42 18
3 94 72 47
3 179 8 180
2 191 78
2 173 35
4 24 13 183 66
2 29 1
4 153 25 162 32
3 22 181 188
3 4 111 85
3 1 127 29
2 150 74
2 29 127
3 164 183 12
4 179 171 87 38
4 183 72 20 27
2 167 78
2 191 180
2 74 4
3 100 159 15
5 170 78 142 124 23
3 159 58 147
2 110 123
2 35 173
2 4 150
3 157 183 185
5 42 127 14 29 183
3 82 99 182
2 32 189
2 114 54
3 87 157 179
2 179 87
2 78 38
2 144 12
3 50 76 38
2 105 114
3 78 124 23
2 4 150
2 146 147
2 183 189
3 7 1 29
2 74 192
4 61 167 38 97
2 151 129
4 64 172 162 89
3 78 172 31
2 183 46
2 35 173
2 179 38
2 100 68
4 179 86 87 38
2 12 147
3 91 84 189
2 8 180
2 146 159
4 61 161 179 87
3 112 55 124
3 1 88 102
2 189 165
6 36 79 142 105 88 170
4 99 124 183 13
2 45 78
2 132 99
3 91 189 45
3 76 157 162
2 78 76
2 161 13
2 179 199
4 122 188 28 22
7 189 133 156 31 190 98 159
2 78 191
4 89 194 64 172
4 100 135 68 15
3 32 156 21
2 78 76
2 142 29
2 180 127
3 190 139 147
3 52 2 104
6 80 76 156 1 142 107
2 35 173
3 18 80 189
4 190 31 153 50
3 179 8 78
2 167 78
4 105 198 114 167
4 200 107 142 88
2 140 84
5 172 64 25 89 194
2 144 85
2 144 33
2 183 44
3 153 168 139
4 183 28 139 98
2 9 134
5 160 45 189 165 32
2 58 85
3 95 62 37
2 78 148
3 183 132 99
9 189 33 157 45 146 165 155 181 131
2 1 117
6 91 84 12 190 27 33
4 30 84 192 183
3 124 168 192
2 33 189
2 41 137
2 180 8
3 55 136 112
2 112 55
3 42 26 142
2 73 167
2 112 55
3 127 183 29
2 98 15
2 41 189
3 89 156 172
2 41 124
2 190 133
2 44 183
2 25 14
6 14 80 142 36 70 94
2 159 100
2 131 157
14 85 68 168 139 120 157 159 147 135 103 52 100 152 33
2 183 124
3 190 176 173
2 8 180
2 192 64
2 78 8
6 32 189 90 166 78 130
2 13 137
2 155 33
2 31 151
2 99 56
2 147 47
5 66 24 1 55 29
3 8 78 180
2 183 76
2 97 125
2 78 47
2 6 108
2 99 141
2 139 70
2 159 98
2 105 114
2 189 155
2 13 134
6 34 45 160 165 189 62
4 183 112 24 136
2 166 189
2 78 167
2 165 7
2 166 130
2 159 146
3 174 142 170
2 98 15
4 78 124 23 183
2 29 75
3 107 80 79
3 98 115 15
2 96 114
3 177 26 143
3 172 89 64
2 61 38
3 66 3 13
8 1 114 147 144 190 72 27 12
2 27 20
6 1 170 127 42 143 29
2 78 167
2 190 91
4 147 133 105 159
3 13 76 124
2 110 4
2 162 148
5 146 134 159 151 147
5 147 78 195 139 159
2 124 13
3 38 31 179
6 14 127 1 70 42 29
5 147 107 159 190 98
2 180 78
2 124 114
2 163 52
8 116 181 52 163 40 122 57 85
4 189 166 32 165
5 45 165 32 130 189
2 181 33
5 147 85 33 190 168
3 1 88 36
2 183 124
3 189 165 3
3 105 76 114
4 189 153 147 159
4 98 28 168 15
3 139 137 41
2 144 114
2 179 87
2 147 146
2 2 34
3 155 192 4
2 35 173
4 98 85 139 140
2 29 183
4 30 78 183 12
2 174 197
2 155 192
2 63 4
2 42 127
2 130 189
3 164 191 78
4 141 13 1 148
2 105 142
2 179 87
4 99 182 82 80
5 29 183 170 142 46
2 183 149
3 28 98 161
2 161 183
3 73 61 167
3 99 78 132
4 183 29 12 124
2 29 170
2 117 179
3 90 189 175
2 80 18
7 189 155 165 139 98 45 113
3 63 77 44
5 57 87 161 179 155
2 189 61
3 114 100 159
4 148 59 99 97
2 63 77
2 87 61
2 183 35
4 183 157 37 131
2 162 165
4 170 29 142 179
3 78 167 124
4 165 189 166 45
5 50 155 105 183 29
3 12 72 47
2 183 8
3 183 174 29
3 47 72 12
5 127 154 42 176 70
2 35 173
11 45 21 29 31 182 42 80 183 127 189 63
5 42 160 155 32 165
4 78 116 90 165
5 160 45 95 165 189
2 183 30
2 46 183
6 159 98 104 51 65 28
3 170 14 29
2 183 63
4 183 76 197 29
2 147 192
8 156 189 89 165 32 29 166 130
3 149 142 174
2 34 148
2 183 29
3 173 29 183
2 99 56
2 56 99
2 55 112
2 47 20
4 166 78 189 175
2 132 99
4 173 192 153 35
5 75 155 192 39 147
2 105 114
2 189 32
3 29 197 142
2 70 14
4 167 78 17 73
3 3 164 13
5 73 183 167 46 78
3 124 24 13
3 98 159 100
2 29 183
2 159 110
2 60 184
2 50 183
4 47 72 20 27
3 56 99 78
2 167 61
4 64 127 162 29
2 31 172
2 100 159
4 183 142 191 78
2 47 196
4 1 170 29 93
2 13 142
3 94 12 70
2 125 148
2 110 4
2 191 78
2 78 60
2 129 151
2 78 191
7 160 107 89 156 162 190 189
3 183 17 78
4 139 133 190 107
5 29 42 70 183 127
3 196 153 61
3 99 183 76
2 142 88
4 29 142 170 134
2 144 183
2 74 192
5 165 45 189 15 98
2 125 61
3 137 162 161
3 159 147 100
2 132 99
2 75 47
3 55 124 112
4 120 183 39 48
4 139 159 158 147
2 85 163
2 170 142
4 85 27 157 52
6 174 29 119 1 142 143
4 200 142 154 176
2 1 105
4 13 159 3 146
2 154 78
2 9 159
3 113 178 111
4 1 31 170 155
7 45 165 156 32 160 155 189
5 183 117 1 76 29
3 118 116 40
2 9 167
6 150 4 123 110 33 178
3 78 191 90
2 127 29
2 150 4
2 59 29
2 100 159
2 33 159
7 140 33 163 52 139 137 85
2 147 78
2 153 33
3 134 183 176
3 105 147 114
2 1 42
2 98 15
2 183 76
2 63 77
2 63 77
3 151 33 147
3 142 29 183
3 61 142 87
2 82 182
2 85 165
4 183 13 124 197
4 95 45 189 32
3 164 176 154
8 189 29 127 45 32 190 160 156
2 191 78
2 79 50
4 6 102 76 170
2 105 38
4 32 70 127 85
6 165 155 189 90 139 78
2 33 4
3 166 130 189
4 159 33 139 140
2 99 56
4 78 153 191 142
2 110 4
4 29 183 153 133
2 61 5
3 143 14 29
2 85 52
3 199 156 117
2 148 141
2 102 108
2 29 26
4 163 131 157 85
4 12 94 149 29
4 123 110 4 178
5 174 155 70 12 142
5 61 87 179 167 86
12 189 116 37 155 156 64 166 45 89 162 109 32
2 87 179
4 165 133 155 153
2 20 198
4 151 147 129 146
2 157 131
2 141 148
2 83 173
4 117 107 183 29
3 96 105 114
3 73 167 78
4 13 76 1 105
3 125 97 136
4 85 76 33 84
3 183 149 61
2 41 21
3 124 183 173
2 78 31
3 175 189 41
3 87 61 179
3 183 1 127
4 78 173 8 180
4 63 78 44 77
2 87 86
3 168 33 189
3 189 166 95
2 90 189
3 156 189 165
3 31 107 12
3 80 14 105
2 17 164
8 72 190 137 85 168 33 139 27
2 72 152
2 78 167
2 87 31
3 29 31 176
2 163 189
2 126 38
4 6 1 102 108
5 47 20 12 72 61
2 83 37
2 35 173
3 146 144 159
2 63 77
2 94 12
2 61 31
4 142 107 197 170
5 189 45 165 32 21
3 189 95 166
2 74 4
3 78 8 180
3 139 159 147
3 56 99 14
3 104 65 28
2 48 120
3 140 85 58
4 84 91 189 139
3 155 89 64
3 174 142 52
2 159 100
3 191 8 78
2 12 114
3 183 193 134
3 99 80 82
2 33 168
2 8 38
2 23 124
3 56 99 167
3 78 44 63
2 70 142
2 99 56
2 124 46
2 42 183
4 42 26 183 7
4 72 179 61 12
6 195 168 33 192 155 139
2 124 155
2 131 157
7 189 155 156 142 29 179 161
5 107 142 1 174 105
3 97 199 126
4 174 143 26 7
2 182 82
2 188 122
4 105 1 134 29
4 45 189 110 98
3 159 140 85
2 112 55
2 189 109
2 58 139
3 189 83 116
2 180 8
2 198 144
11 42 165 169 162 189 133 190 12 29 32 78
4 1 183 29 142
3 76 170 1
2 189 95
2 179 108
3 124 78 23
2 183 137
9 97 191 23 179 125 17 61 148 78
4 127 176 29 154
3 192 137 178
6 29 198 26 190 170 105
4 25 32 162 29
2 29 1
2 41 156
3 29 183 134
2 3 31
3 114 105 198
6 163 85 57 103 52 40
2 77 63
3 183 108 105
2 61 125
5 42 142 174 70 29
8 130 166 95 89 64 189 155 172
2 47 114
7 41 50 21 189 32 165 156
4 159 135 100 139
2 14 29
2 59 183
3 45 36 32
3 98 15 159
4 180 125 158 97
2 3 135
2 125 167
2 191 78
3 12 139 159
4 91 189 84 21
3 112 55 78
2 29 105
4 170 13 124 142
4 189 165 32 166
3 78 170 29
3 146 159 147
2 134 7
2 1 142
8 64 12 156 90 189 99 78 41
6 78 183 191 153 29 61
3 152 114 96
5 29 26 142 42 127
2 63 31
2 105 1
2 131 157
5 142 174 170 143 197
4 155 104 65 2
3 183 173 35
6 89 172 64 156 45 189
7 25 45 64 29 189 162 156
2 157 78
5 165 189 45 166 160
4 21 41 156 32
2 105 183
3 27 14 56
2 47 144
2 24 29
2 29 97
3 33 95 189
2 116 83
3 144 159 146
5 157 85 146 33 181
3 7 189 45
2 173 35
2 33 158
6 42 70 29 94 142 127
3 44 77 63
2 57 163
2 34 33
3 150 192 4
4 14 70 29 142
2 99 132
2 77 63
2 172 89
3 107 87 179
2 164 193
3 134 35 173
5 189 32 155 156 63
2 173 35
5 90 45 189 139 78
5 155 167 183 127 76
3 42 70 14
2 102 6
2 144 114
2 156 153
3 147 36 88
2 116 189
2 88 144
2 26 14
2 177 29
3 78 180 8
4 183 1 70 142
2 159 100
2 150 4
2 78 17
3 104 2 28
2 167 73
2 178 192
2 35 173
2 105 114
3 176 12 154
2 8 78
2 98 161
3 144 114 96
2 78 44
2 180 117
3 23 183 124
7 189 32 45 91 165 109 157
2 65 164
2 132 99
2 185 110
2 164 112
2 29 6
3 132 56 99
2 29 127
2 57 21
3 78 183 191
2 6 102
2 119 105
5 142 196 29 1 127
2 197 142
2 192 58
2 161 98
2 33 76
2 85 49
2 146 159
2 164 183
3 131 136 112
4 127 13 3 29
3 198 114 155
3 55 144 112
6 29 13 127 70 3 142
2 80 142
3 44 63 77
2 183 64
2 44 63
4 167 174 76 142
3 29 134 183
6 32 189 45 21 160 165
3 147 159 139
4 166 45 189 165
7 31 20 194 27 190 64 133
2 113 15
4 21 65 155 192
2 189 85
2 114 76
10 155 139 161 98 189 115 195 147 159 156
2 107 80
3 183 149 31
4 45 189 165 32
6 116 30 168 78 189 190
11 142 1 198 156 29 179 31 155 170 93 105
6 142 170 183 174 29 14
3 105 29 124
3 29 189 183
5 24 112 55 136 183
4 191 30 152 78
2 13 78
2 42 70
5 80 99 182 107 82
2 167 125
2 93 72
2 183 167
2 136 154
6 189 165 32 45 41 21
3 8 78 38
4 142 42 29 127
2 135 100
2 77 76
2 124 116
3 189 190 159
2 150 113
5 52 40 183 85 57
2 189 51
4 156 116 189 160
3 78 8 180
2 150 178
5 32 189 12 190 64
3 153 85 31
2 99 56
7 174 170 143 142 70 42 177
6 183 66 24 13 29 127
3 183 176 154
2 159 100
6 32 80 70 190 155 165
2 173 124
3 8 78 179
5 26 142 197 127 55
2 30 58
3 111 185 80
3 191 78 154
3 189 166 95
4 13 142 164 29
2 154 183
5 111 123 193 178 110
4 197 1 142 143
2 61 4
2 33 68
3 148 183 78
3 137 14 175
2 148 107
3 189 165 45
4 105 198 114 78
4 199 142 29 170
4 182 99 80 82
2 166 89
6 115 183 189 98 46 111
2 104 2
2 125 78
2 167 116
5 28 189 190 45 65
3 8 78 180
2 182 99
3 159 48 98
2 183 124
4 127 42 70 29
2 2 183
5 61 179 87 167 86
2 48 159
2 183 14
2 84 95
2 127 193
5 100 146 159 151 135
3 141 148 183
10 190 93 25 29 153 174 133 196 32 162
3 200 142 143
4 95 104 2 52
6 143 149 108 102 174 6
2 183 13
2 39 48
3 29 14 26
5 127 42 29 183 1
6 189 133 64 190 139 153
4 70 29 42 142
4 47 75 164 78
2 185 33
5 29 127 170 42 142
2 123 111
3 197 141 143
5 153 147 159 190 50
6 104 2 115 65 28 98
3 143 142 197
2 192 74
3 31 194 64
3 14 42 29
5 147 100 159 98 15
2 88 80
6 165 45 32 189 130 89
3 47 85 189
4 156 21 4 192
2 87 183
2 8 78
2 124 173
2 183 142
2 164 183
3 68 146 159
3 85 160 32
2 78 179
4 14 110 123 111
2 105 96
2 183 157
4 148 78 141 134
11 114 102 133 144 20 190 152 198 147 142 88
2 105 114
2 153 162
3 105 144 114
2 183 176
4 95 189 154 190
2 33 158
3 7 66 13
2 99 82
5 87 38 86 167 61
3 29 154 176
2 87 171
3 120 168 65
3 45 189 165
3 160 32 189
4 23 17 59 78
2 87 179
3 117 183 1
2 191 78
2 183 159
5 31 144 29 14 162
2 61 49
2 42 70
5 155 64 25 156 162
2 78 139
2 29 76
4 40 116 118 189
4 70 183 13 24
2 124 9
2 64 31
3 15 100 159
2 132 49
3 73 167 29
6 32 156 40 83 118 116
2 74 4
2 78 191
2 27 47
2 142 55
4 189 45 163 21
2 79 107
4 172 194 64 33
4 147 47 100 159
2 198 105
6 174 190 29 31 65 153
5 82 18 80 182 99
2 57 173
3 22 188 181
3 159 100 68
2 6 170
5 32 189 45 165 160
4 176 29 154 134
3 74 176 154
3 124 173 134
5 197 1 29 6 18
4 147 158 139 190
2 159 100
2 18 80
4 127 42 29 1
3 23 134 124
3 29 142 183
3 148 141 97
2 159 147
6 45 189 32 130 165 166
2 147 159
2 173 35
3 13 3 66
2 1 29
2 33 68
2 173 35
2 48 104
4 183 29 127 164
2 52 156
2 29 142
3 191 183 78
3 76 183 105
2 74 103
6 45 165 127 32 189 183
2 140 52
2 162 42
3 114 105 96
2 17 103
4 127 29 42 142
2 99 56
6 38 61 42 87 29 179
2 161 57
6 75 27 42 47 183 127
2 147 139
3 76 38 167
3 147 20 30
3 78 180 8
4 100 159 45 189
2 183 9
4 182 82 99 80
5 183 42 1 29 127
3 190 84 153
2 20 144
3 90 32 166
5 174 176 142 29 154
2 144 114
2 12 154
4 68 27 159 100
2 85 140
2 13 3
4 159 147 151 146
2 167 50
3 171 179 87
2 173 134
2 148 78
4 127 42 177 70
4 167 61 86 183
2 8 191
3 111 185 103
2 189 165
2 46 183
3 147 146 13
3 177 29 142
2 108 7
2 95 166
3 147 151 159
4 29 190 162 64
5 197 61 97 148 125
6 174 142 170 29 1 107
2 78 191
2 197 183
2 189 132
2 52 89
2 64 89
2 189 32
3 159 147 146
3 156 99 78
2 191 78
2 177 183
2 183 29
2 31 179
2 167 78
2 63 77
5 159 147 47 58 33
4 3 29 177 13
3 99 162 132
2 62 95
3 32 190 165
2 176 154
4 29 80 70 42
3 46 183 157
4 147 151 47 75
3 183 29 134
3 110 185 4
3 31 78 126
2 28 104
4 152 85 33 159
3 139 159 147
5 57 40 188 181 118
4 8 31 183 78
2 189 33
4 159 147 33 146
2 144 129
3 181 2 33
2 148 62
2 192 183
3 94 51 161
2 35 173
3 59 29 7
3 4 110 150
5 190 158 147 146 135
2 36 142
2 173 35
2 190 58
4 192 182 107 80
3 114 144 1
5 99 18 82 80 182
3 167 73 38
3 180 8 78
2 154 105
4 166 189 32 165
2 6 78
3 58 139 190
4 104 65 190 85
2 147 159
4 191 148 8 78
4 66 29 1 26
2 29 157
3 4 178 111
3 159 100 147
2 183 177
2 134 7
4 147 146 144 159
3 40 118 116
2 76 134
3 27 196 33
4 191 29 78 183
3 183 78 199
3 74 192 104
3 183 44 63
2 124 59
2 76 183
3 133 153 162
6 153 65 33 159 84 190
4 94 127 70 29
2 12 30
2 124 183
4 165 190 189 29
4 7 190 140 85
2 44 124
2 154 12
3 77 63 164
2 113 111
2 173 183
5 14 127 42 94 26
3 122 182 56
2 175 137
2 168 190
4 127 183 157 29
3 185 5 110
5 154 176 127 183 164
2 196 153
4 114 64 147 190
4 95 165 32 189
2 179 31
6 98 58 190 159 147 34
2 180 8
2 183 99
4 79 80 107 182
3 164 124 23
3 99 56 114
3 65 156 78
3 98 175 90
2 181 118
4 177 196 189 156
4 114 70 42 142
4 73 167 17 183
4 165 89 189 32
4 192 113 4 178
3 78 152 190
2 20 147
2 35 183
2 95 189
4 189 165 45 32
2 9 124
3 139 70 152
2 80 107
2 163 85
3 98 163 52
2 167 112
4 147 146 144 159
3 190 133 84
3 174 197 142
2 107 183
4 72 151 27 47
2 104 28
2 114 124
3 156 41 78
6 72 190 78 47 30 12
2 35 124
2 189 95
2 84 189
2 154 183
4 176 73 167 142
2 115 160
2 164 23
2 183 154
2 56 99
4 12 27 29 20
6 165 85 160 116 45 189
2 173 35
6 4 74 192 150 113 155
3 112 55 78
2 110 111
2 85 163
2 140 85
4 78 166 89 90
3 12 29 94
3 192 4 74
2 166 189
3 125 162 31
2 183 107
3 102 79 6
3 70 29 24
2 9 124
2 15 85
2 140 85
5 162 155 107 156 63
7 158 190 160 189 45 91 165
4 182 82 107 99
4 159 2 104 115
3 167 105 114
2 17 1
2 42 29
4 72 153 12 190
2 3 125
4 76 50 105 49
2 38 87
6 3 45 189 165 32 13
2 35 24
2 89 112
2 159 98
4 107 63 18 182
5 29 14 45 94 32
4 125 61 167 31
2 24 66
4 1 70 14 142
7 90 99 156 45 109 78 132
3 185 5 110
2 88 105
2 57 153
3 139 33 159
2 125 183
2 98 48
2 78 23
2 23 78
3 4 150 192
2 183 117
6 29 134 127 70 14 42
3 61 86 179
3 45 156 21
3 89 166 189
3 157 131 183
3 64 166 189
2 144 114
3 159 147 146
4 147 65 104 28
3 153 183 29
2 187 189
3 78 8 180
3 78 183 23
8 84 50 189 91 190 45 29 153
4 147 151 144 146
2 189 190
6 65 28 2 147 183 104
6 165 32 189 183 45 95
2 136 94
2 95 34
3 170 36 142
3 73 167 179
2 144 70
2 157 46
2 144 78
2 183 134
6 75 159 47 165 147 189
4 183 142 170 29
3 24 112 115
3 189 12 72
6 159 189 139 147 195 98
4 142 70 42 170
5 179 188 98 122 22
3 155 163 195
2 23 78
2 144 146
2 87 38
3 189 98 159
4 144 155 39 147
2 88 155
3 8 78 179
2 183 29
3 86 87 167
6 160 183 189 165 153 158
3 156 31 78
3 189 32 165
2 33 137
5 147 159 198 105 144
3 183 177 9
2 124 173
5 189 142 32 165 45
3 12 176 72
5 83 21 116 32 156
2 141 148
5 183 142 143 7 174
3 143 94 70
2 114 96
3 142 79 177
2 68 98
2 149 9
4 45 89 166 160
2 61 87
3 87 31 162
2 131 157
3 146 151 147
3 166 45 165
5 197 32 42 189 45
2 4 169
5 72 94 47 20 12
2 183 124
3 131 157 183
2 166 130
3 189 188 45
3 189 165 45
4 70 14 127 42
2 50 38
3 166 89 189
2 14 63
3 20 127 183
3 13 24 183
2 58 33
3 129 144 105
4 78 179 191 8
2 153 91
8 190 85 91 84 133 33 153 152
2 113 178
2 163 189
2 12 98
2 183 60
4 32 190 21 156
3 98 45 166
3 12 75 72
6 1 66 13 42 24 29
2 137 30
2 29 183
2 45 189
4 140 197 85 32
2 124 105
8 75 144 72 54 12 105 94 102
2 114 105
2 95 85
2 194 64
2 189 165
4 183 139 147 159
4 139 159 135 147
3 183 3 13
2 124 173
2 114 20
3 167 179 86
4 183 127 29 70
3 143 70 174
3 183 164 9
2 134 183
2 26 183
2 105 96
3 105 102 107
2 35 164
2 135 120
5 127 29 147 190 42
3 29 183 170
2 80 36
3 157 183 164
3 23 8 78
2 78 30
3 13 66 3
2 78 8
3 107 80 18
3 131 157 164
5 160 32 45 190 189
2 55 183
2 163 33
2 112 55
2 172 151
3 78 175 189
2 29 183
2 4 192
2 157 27
2 78 194
2 54 114
3 68 12 159
3 114 1 105
4 142 170 93 174
3 189 185 10
2 68 159
2 33 190
2 76 24
3 167 197 73
2 141 148
3 4 21 192
2 105 167
4 78 179 61 180
2 80 18
2 124 23
3 107 142 29
4 94 12 70 14
2 161 51
2 107 78
3 72 198 27
2 104 12
3 183 191 78
5 171 125 78 179 61
4 189 159 139 147
2 32 189
3 85 196 140
3 14 1 70
8 61 179 105 87 31 50 29 131
3 124 103 12
2 55 112
7 183 163 32 45 189 165 160
2 157 131
2 95 189
4 135 100 68 159
2 140 95
2 144 114
2 117 99
3 183 189 90
2 179 87
2 78 8
2 159 94
2 179 29
5 105 142 198 200 144
4 183 24 131 157
3 41 99 132
2 33 85
2 159 135
4 170 42 29 142
2 159 100
2 189 135
2 62 34
2 193 178
10 61 153 127 196 183 107 80 190 29 189
2 155 99
5 159 183 190 153 133
2 200 142
2 35 173
2 47 72
4 165 95 45 189
2 140 192
3 12 72 144
2 57 172
14 189 160 147 133 165 95 155 158 45 58 32 153 190 139
4 14 42 70 29
4 174 105 87 142
3 191 143 78
4 88 105 6 142
2 46 183
3 118 115 189
4 29 153 183 133
6 197 127 14 70 42 29
5 42 78 70 190 29
3 29 127 183
3 192 150 4
6 185 50 116 83 110 4
2 132 99
3 8 78 179
2 44 78
3 183 164 108
3 87 86 167
2 33 181
3 125 163 183
2 159 139
2 183 144
11 12 107 70 1 76 170 72 29 142 50 105
5 27 12 29 127 72
4 12 78 94 72
2 183 46
4 78 44 183 63
2 44 173
6 190 189 153 133 45 32
5 65 173 13 124 164
2 1 114
4 14 94 12 70
2 132 183
2 158 140
3 127 42 14
3 76 167 73
3 114 144 105
2 97 136
4 78 175 189 118
2 85 33
2 183 61
4 155 78 30 152
4 72 78 12 29
3 148 61 149
2 178 150
4 156 155 64 189
3 29 183 1
4 150 4 74 113
2 183 144
3 78 180 8
8 57 52 143 174 154 85 142 26
4 175 137 64 172
6 156 153 190 109 189 133
6 93 99 117 82 170 149
2 103 189
2 200 80
3 33 98 159
2 163 85
2 150 4
2 82 99
2 35 173
3 79 88 36
2 85 189
3 147 146 159
2 45 85
4 32 189 165 45
3 124 164 183
5 64 89 162 25 42
3 14 183 70
2 142 170
3 183 61 87
3 159 146 144
2 191 78
2 78 30
5 154 42 197 142 143
4 87 8 78 61
6 183 155 142 124 29 127
2 35 173
11 165 183 78 189 175 156 190 109 118 32 45
3 76 7 143
2 165 156
5 32 45 165 189 166
5 164 183 167 78 197
2 73 167
3 164 17 78
4 28 65 2 104
2 78 35
3 105 20 198
3 25 89 162
3 35 164 173
3 99 56 107
5 28 85 52 163 65
3 8 30 78
2 80 107
4 28 2 118 98
2 183 99
2 14 183
2 79 144
3 183 124 10
2 63 183
2 159 183
3 99 56 183
2 9 189
2 1 147
2 77 164
3 159 147 139
4 175 178 150 113
3 45 146 159
2 105 156
2 180 8
2 23 124
4 139 147 140 155
2 56 99
3 171 87 179
4 78 180 8 179
4 29 142 80 42
4 135 190 159 147
4 190 12 30 78
2 112 136
4 85 163 183 161
2 131 157
2 164 183
3 100 135 147
6 85 174 163 149 7 57
7 70 29 31 183 25 199 60
2 159 100
3 167 179 78
3 142 42 70
5 137 33 190 147 30
2 75 183
2 154 12
4 146 105 144 33
4 45 21 156 189
2 183 44
3 139 33 85
2 77 63
2 1 29
2 52 37
3 147 189 27
3 150 193 74
2 25 31
2 98 15
9 155 32 165 190 95 189 45 72 27
3 9 124 78
4 115 100 139 98
3 180 8 78
2 1 183
4 27 30 78 72
4 192 150 4 74
3 31 78 64
3 150 113 110
5 29 183 26 127 143
4 28 2 65 104
3 125 78 167
2 74 192
2 78 44
2 183 35
2 170 79
5 32 189 45 166 165
4 168 39 156 155
2 105 1
3 141 78 148
2 183 142
4 99 80 182 82
2 31 170
2 183 44
2 146 159
4 166 165 45 189
2 93 143
4 159 190 139 183
2 85 140
3 161 183 103
3 47 147 146
5 127 183 176 29 154
2 124 183
2 29 183
2 180 8
2 35 183
2 85 140
3 183 142 174
2 180 8
3 124 173 35
3 190 148 153
2 183 55
2 117 63
2 183 97
4 137 41 21 175
3 45 160 98
4 130 189 32 166
2 13 66
3 65 2 28
2 154 127
4 110 111 185 4
2 23 124
2 65 155
2 139 3
4 144 176 146 154
4 197 42 142 29
4 194 31 172 64
2 78 124
2 159 147
3 72 12 47
3 78 167 3
2 80 107
4 38 61 179 31
2 134 173
2 173 35
2 29 183
3 189 165 45
2 127 190
4 40 17 178 57
2 98 28
2 183 30
3 123 155 185
4 29 190 142 70
2 23 9
3 157 131 31
3 55 112 157
2 166 189
4 170 133 183 153
2 29 21
2 56 99
3 47 78 183
4 112 188 55 24
3 14 159 147
4 100 159 147 151
2 114 107
3 30 78 147
2 107 80
2 73 136
2 164 124
5 159 98 45 139 100
2 110 155
3 10 141 148
2 78 191
2 189 155
3 183 155 139
2 70 42
2 154 176
2 33 135
3 29 170 1
2 78 12
3 157 24 183
2 159 29
2 4 150
2 113 150
3 165 32 189
3 30 72 12
4 100 147 159 139
2 142 183
3 78 30 124
3 153 78 171
2 9 176
2 142 196
2 136 78
2 165 189
2 30 190
2 60 87
3 183 23 30
2 135 100
2 164 124
2 31 87
2 147 146
6 118 65 104 28 2 3
3 99 182 80
4 156 21 132 99
5 155 167 105 114 96
2 185 110
5 105 174 200 142 198
4 30 78 12 72
2 144 24
2 167 13
2 124 23
2 182 82
3 114 124 152
3 13 3 154
2 80 105
2 165 32
2 61 184
2 183 141
4 159 146 147 183
3 80 42 29
4 72 144 47 12
2 163 33
3 158 91 33
4 29 142 42 1
4 191 180 8 78
3 3 66 13
3 190 72 183
3 176 1 29
2 78 190
3 170 179 31
3 84 2 34
2 167 78
2 93 78
2 140 98
3 147 159 94
2 126 50
3 191 78 8
2 12 30
5 74 150 4 113 15
3 189 72 32
6 170 36 107 88 200 142
2 96 105
3 94 72 12
2 78 8
2 189 165
2 95 190
5 29 80 142 18 200
2 156 189
6 75 12 190 80 20 29
2 189 78
2 127 29
7 113 150 155 156 116 192 21
2 151 144
3 105 170 142
3 183 24 46
2 159 115
2 148 29
2 155 183
2 142 170
3 102 82 79
2 151 147
3 200 174 142
2 99 132
3 82 80 107
3 20 1 105
3 189 95 62
2 164 63
2 137 151
2 189 139
3 179 180 78
3 89 183 25
4 12 147 47 159
4 189 166 32 130
2 33 164
2 147 104
8 174 142 197 127 42 29 26 70
3 31 167 73
4 98 28 166 189
2 98 159
2 173 13
2 157 112
2 105 1
3 13 124 66
2 13 3
2 55 183
3 45 189 32
2 59 142
5 12 153 190 78 30
3 48 183 159
2 31 32
2 146 159
4 80 50 29 142
4 82 107 99 18
6 142 29 198 1 36 170
2 9 124
3 155 159 134
2 159 100
2 164 173
3 66 13 3
2 28 65
3 141 190 148
7 50 32 89 189 130 166 95
2 114 144
2 8 78
2 66 3
2 47 75
2 24 183
7 107 79 80 88 36 76 102
4 124 161 177 29
3 167 193 97
3 125 31 61
4 151 31 129 116
4 162 84 153 190
6 12 94 72 189 93 31
3 78 12 30
3 142 154 29
2 13 66
3 153 190 12
4 32 165 189 95
2 142 29
4 192 74 150 4
2 144 1
2 178 111
2 87 61
3 171 87 61
4 159 190 157 45
3 77 63 164
2 21 32
2 180 8
3 29 14 134
2 13 164
3 159 139 45
2 44 183
2 13 3
2 105 102
3 4 120 192
2 183 148
