2 3 4 189 183 192 45 184 29 32
23 124 78 2 3 183 4 191 9 5
2 3 4 189 183 147 159 32 45 78
2 3 190 4 189 85 159 147 139 33
2 3 64 89 189 4 166 194 45 31
2 3 97 167 78 124 183 4 13 99
2 3 189 4 183 196 105 114 153 159
2 3 4 159 144 189 147 78 190 12
2 3 183 190 4 29 189 78 32 5
2 3 4 105 142 5 78 29 167 183
2 3 142 4 183 29 197 78 189 170
2 3 125 4 183 78 29 190 179 5
2 125 3 78 61 4 99 59 179 167
2 124 13 3 66 183 4 164 173 6
2 3 4 61 78 142 87 179 5 29
2 3 4 159 189 78 147 190 183 45
2 3 4 144 1 142 29 183 124 189
2 3 4 74 183 29 107 5 142 80
2 172 89 3 189 64 4 194 31 45
2 189 45 3 4 29 183 165 142 32
190 2 153 3 158 4 183 189 5 29
2 3 4 183 189 164 29 5 78 45
2 183 124 173 3 35 78 4 13 29
2 3 4 189 29 183 5 162 78 32
183 2 3 29 4 76 78 199 5 42
29 2 3 183 127 4 42 142 1 70
78 2 3 191 183 8 4 23 124 179
189 78 2 45 3 32 4 165 8 5
2 3 4 183 78 29 189 142 164 5
29 2 3 183 127 4 42 142 5 1
2 3 4 164 183 189 78 159 5 124
2 3 4 189 58 29 183 190 5 159
2 3 29 183 4 142 78 42 70 167
2 3 4 161 78 189 76 29 31 183
2 3 4 159 151 5 147 142 189 29
2 3 4 183 29 190 50 189 78 155
2 3 183 29 4 164 127 189 78 124
2 3 183 4 29 99 189 5 159 45
3 13 2 189 4 32 5 66 165 45
2 3 4 183 29 159 189 190 5 78
2 3 4 78 189 147 159 5 179 142
2 3 183 29 4 124 78 13 5 189
172 89 2 64 194 4 3 31 189 1
189 45 2 32 3 165 4 5 166 160
2 189 3 4 45 32 156 78 41 166
33 2 3 4 85 139 5 159 189 190
2 3 4 189 164 183 95 78 124 5
2 3 142 4 29 197 183 78 170 5
2 167 183 3 4 73 29 42 189 32
2 144 3 4 159 183 189 146 5 78
2 31 78 142 191 6 29 125 174 179
2 3 4 29 183 189 78 142 5 159
189 2 3 45 139 4 32 165 190 156
183 2 3 29 124 127 4 13 164 5
2 3 156 189 4 183 32 45 29 5
2 3 4 164 183 189 124 78 29 5
29 2 3 183 127 4 42 142 1 70
2 3 190 4 183 29 42 189 5 45
2 3 189 4 183 29 190 5 45 139
2 3 183 29 4 142 99 127 42 5
2 3 27 4 105 20 13 198 147 183
2 3 183 29 4 142 42 78 5 159
2 3 183 4 29 78 142 189 5 8
2 173 35 124 183 3 13 4 78 29
29 2 127 183 3 42 4 142 1 5
2 3 183 29 4 13 127 5 66 189
2 189 3 33 32 4 5 85 45 165
2 3 124 78 23 4 173 189 29 183
2 190 3 153 4 158 189 5 183 78
2 3 189 190 4 33 139 196 153 45
2 3 4 190 189 153 183 159 78 5
2 3 4 183 189 157 190 78 167 131
2 3 4 8 12 31 41 78 155 156
2 3 183 29 4 142 42 5 70 159
2 29 3 4 183 127 42 142 70 5
2 157 3 131 183 4 46 189 5 29
2 29 3 4 183 127 42 142 5 1
2 3 183 29 4 190 78 142 5 6
2 3 4 159 190 139 153 64 147 194
2 3 4 29 183 189 142 5 78 190
2 3 4 78 189 183 190 33 45 159
2 189 3 4 45 32 155 156 5 165
2 3 142 183 29 4 197 42 78 170
2 183 3 42 190 4 29 45 189 5
2 34 62 3 189 4 198 31 5 20
2 3 70 45 189 142 6 32 4 29
2 189 3 45 4 32 156 165 190 183
2 3 4 164 13 183 189 78 124 5
189 2 45 3 32 165 4 160 166 5
2 3 78 179 38 183 4 167 73 148
2 68 159 3 98 100 4 147 139 48
2 3 183 4 78 64 5 29 142 189
2 3 4 29 183 154 42 189 190 5
2 3 167 4 29 78 183 73 142 76
2 4 3 189 45 183 32 165 29 159
2 3 189 118 4 45 5 116 78 181
29 2 183 127 3 42 142 4 1 70
78 189 2 3 45 32 165 4 8 5
78 191 2 3 4 8 183 5 142 29
167 2 73 3 86 78 179 4 63 183
